15791247 1205
18467557 163
20061580 724
11256614 465
16979555 172
16336044 319
21179020 107
17443846 235
15166316 131
21166475 1041
17151019 401
17644812 436
12593804 104
14532352 735
11805837 152
20018591 157
19557190 106
11283351 192
14729914 127
19543366 128
15496452 208
15539469 380
21529718 479
16287169 241
18538804 184
12865426 375
11591653 266
15322131 214
11231151 553
21399614 145
14551910 1791
14562095 1406
14651853 1186
17526915 100
16429126 498
20551380 100
12445391 383
18981222 242
11099033 285
11099034 283
12773383 113
19123269 200
21988832 216
15276431 104
17432890 577
17317660 1136
11555636 121
15028209 634
17704769 607
19796622 172
16926386 172
17417969 516
16858726 187
18433157 230
16189514 343
16502469 260
20351290 122
14576278 503
17604452 156
20419786 118
12766230 124
12529643 392
19824013 193
17412918 244
17916636 130
18433294 413
11914276 290
16207701 231
17722694 118
17934214 201
17474147 120
15821981 136
14506206 207
16122351 148
15525680 1043
21052544 123
12529635 1101
12938931 328
15215502 110
18029348 4937
20195357 104
10430943 129
18614015 2412
15102471 124
20422638 338
19519879 114
19452453 123
12657046 613
12242227 103
18431481 1251
15687288 182
16845399 114
15610358 143
12529438 258
14617066 135
15489339 865
16547170 150
18633119 305
18723693 100
16618929 430
21205937 103
18757743 189
21533090 784
19111667 109
15634699 109
16823372 4247
16823961 845
16507136 102
14527345 210
14671022 392
19482547 155
