17526915 100
18723693 100
20551380 100
16507136 102
12242227 103
21205937 103
12593804 104
15276431 104
20195357 104
19557190 106
21179020 107
15634699 109
19111667 109
15215502 110
12773383 113
16845399 114
19519879 114
17722694 118
20419786 118
17474147 120
11555636 121
20351290 122
19452453 123
21052544 123
12766230 124
15102471 124
14729914 127
19543366 128
10430943 129
17916636 130
15166316 131
14617066 135
15821981 136
15610358 143
21399614 145
16122351 148
16547170 150
11805837 152
19482547 155
17604452 156
20018591 157
18467557 163
16926386 172
16979555 172
19796622 172
15687288 182
18538804 184
16858726 187
18757743 189
11283351 192
19824013 193
19123269 200
17934214 201
14506206 207
15496452 208
14527345 210
15322131 214
21988832 216
18433157 230
16207701 231
17443846 235
16287169 241
18981222 242
17412918 244
12529438 258
16502469 260
11591653 266
11099034 283
11099033 285
11914276 290
18633119 305
16336044 319
12938931 328
20422638 338
16189514 343
12865426 375
15539469 380
12445391 383
12529643 392
14671022 392
17151019 401
18433294 413
16618929 430
17644812 436
11256614 465
21529718 479
16429126 498
14576278 503
17417969 516
11231151 553
17432890 577
17704769 607
12657046 613
15028209 634
20061580 724
14532352 735
21533090 784
16823961 845
15489339 865
21166475 1041
15525680 1043
12529635 1101
17317660 1136
14651853 1186
15791247 1205
18431481 1251
14562095 1406
14551910 1791
18614015 2412
16823372 4247
18029348 4937
